Version 0.9.7
5
 4 1 241 77 128 0 1
 5 80 400 206 81 2 2
 0 361 172 877 276 8 3
 1 141 272 206 81 140 4
 3 988 96 203 58 164 5
 0
35
 16711680 5 62 354 62 354 66 354 66 433 414 433 414 433 0 1 0 3
 255 5 62 255 62 255 62 186 62 186 414 186 414 186 0 1 0 3
 255 5 156 283 156 283 62 283 62 283 62 281 62 281 0 4 0 1
 16711680 5 156 341 156 341 156 341 62 341 62 341 62 341 0 4 0 1
 16711935 5 197 283 197 283 197 249 453 249 453 251 453 251 0 4 0 3
 33023 5 216 283 216 283 216 222 479 222 479 251 479 251 0 4 0 3
 32768 5 505 251 505 251 505 212 235 212 235 283 235 283 0 3 0 4
 255 5 440 238 440 238 440 238 440 186 440 186 440 186 0 3 0 3
 255 5 609 186 609 186 609 186 609 238 609 238 609 238 0 3 0 3
 16711680 5 518 381 518 381 518 381 518 433 518 433 518 433 0 3 0 3
 16711680 5 687 381 687 381 687 381 687 433 687 433 687 433 0 3 0 3
 8388863 5 466 277 466 277 466 288 622 288 622 277 622 277 0 3 0 3
 16384 5 518 264 518 256 398 256 398 394 622 394 622 381 0 3 0 3
 16512 5 479 264 479 264 412 264 412 368 609 368 609 368 0 3 0 3
 65280 5 635 277 635 277 635 285 778 285 778 277 778 277 0 3 0 3
 255 5 765 186 765 186 765 186 765 238 765 238 765 238 0 3 0 3
 16711680 5 843 381 843 381 843 381 843 433 843 433 843 433 0 3 0 3
 16512 5 492 264 492 264 661 264 661 264 661 251 661 251 0 3 0 3
 16384 5 518 277 518 277 518 271 674 271 674 277 674 277 0 3 0 3
 65280 5 687 277 687 277 687 277 791 277 791 277 791 277 0 3 0 3
 65280 5 804 277 804 277 804 277 817 277 817 277 817 277 0 3 0 3
 16711935 5 453 277 453 277 453 387 648 387 648 381 648 381 0 3 0 3
 128 5 661 238 661 238 655 238 655 342 661 342 661 342 0 3 0 3
 32768 5 505 277 505 277 505 342 505 342 635 342 635 342 0 3 0 3
 65280 5 674 342 674 342 674 342 765 342 765 342 765 342 0 3 0 3
 16711935 5 648 238 648 238 648 238 453 238 453 238 453 238 0 3 0 3
 16711935 5 648 251 648 251 648 251 921 251 921 251 921 251 0 3 0 3
 33023 5 609 355 609 355 609 355 908 355 908 355 908 355 0 3 0 3
 16384 5 622 368 622 368 622 368 921 368 921 368 921 368 0 3 0 3
 65280 5 934 277 920 277 920 324 778 324 778 342 778 342 0 3 0 3
 65280 5 791 342 791 342 836 342 836 277 830 277 830 277 0 3 0 3
 255 5 908 238 908 238 908 238 908 186 908 186 908 186 0 3 0 3
 16711680 5 986 381 986 381 986 381 986 433 986 433 986 433 0 3 0 3
 65280 5 1034 140 1034 140 1034 260 843 260 843 277 843 277 0 5 0 3
 16711680 5 999 133 999 133 999 133 999 433 999 433 999 433 0 5 0 3
4
 7011 1 14 603 290 5 0 0 10404 3
 7004 1 14 434 290 5 0 0 10404 3
 7032 1 14 759 290 5 0 0 10404 3
 7011 1 14 902 290 5 0 0 10404 3
