Version 0.9.7
6
 4 52 329 77 128 0 1
 5 80 400 206 81 2 2
 0 221 146 877 276 8 3
 3 891 440 203 58 140 4
 1 369 440 206 81 149 5
 0 222 538 877 276 159 6
 0
21
 16711680 5 872 407 872 407 872 478 902 478 902 477 902 477 0 3 0 4
 32768 5 625 316 625 316 625 316 638 316 638 316 638 316 0 3 0 3
 8388608 5 113 403 113 403 274 403 274 403 274 407 274 407 0 1 0 3
 255 5 113 343 113 343 153 343 153 160 274 160 274 160 0 1 0 3
 255 5 113 356 113 356 171 356 171 552 275 552 275 552 0 1 0 6
 255 5 625 160 625 160 625 160 625 212 625 212 625 212 0 3 0 3
 16711680 5 703 355 703 355 703 355 703 407 703 407 703 407 0 3 0 3
 4227072 5 625 355 625 355 625 377 425 377 425 451 425 451 0 3 0 5
 65280 5 703 251 703 251 920 251 920 484 937 484 937 484 0 3 0 4
 8388863 5 664 316 664 316 664 316 677 316 677 316 677 316 0 3 0 3
 8388863 5 690 316 690 316 690 316 690 251 690 251 690 251 0 3 0 3
 8388863 5 444 451 444 451 444 418 664 418 664 355 664 355 0 5 0 3
 32768 5 651 316 651 316 651 297 677 297 677 251 677 251 0 3 0 3
 255 5 384 451 384 451 341 451 341 552 340 552 340 552 0 5 0 6
 16711680 5 384 509 384 509 356 509 356 407 365 407 365 407 0 5 0 3
 255 5 626 552 626 552 626 552 626 604 626 604 626 604 0 6 0 6
 16711680 5 287 407 287 407 287 786 287 786 288 786 288 786 0 3 0 6
 16711680 5 704 786 704 786 704 786 704 747 704 747 704 747 0 6 0 6
 8388863 5 444 477 444 477 444 476 639 476 639 604 639 604 0 5 0 6
 32768 5 425 477 425 477 425 467 652 467 652 604 652 604 0 5 0 6
 16776960 5 665 604 665 604 665 576 1077 576 1077 484 1077 484 0 6 0 4
2
 7000 1 14 619 264 5 0 0 10360 3
 7032 1 14 620 656 5 0 0 10360 6
