Version 0.9.7
5
 4 133 311 77 128 0 1
 5 80 400 206 81 2 2
 0 318 229 877 276 8 3
 1 426 137 206 81 140 4
 3 782 132 203 58 150 5
 0
10
 16711680 5 194 424 194 424 265 424 265 256 371 256 371 256 0 1 0 3
 255 5 194 325 194 325 194 325 194 243 371 243 371 243 0 1 0 3
 255 5 441 148 441 148 386 148 386 243 384 243 384 243 0 4 0 3
 16711680 5 441 206 441 206 397 206 397 206 397 256 397 256 0 4 0 3
 33023 5 482 148 482 148 482 85 520 85 520 334 527 334 0 4 0 3
 16711808 5 501 148 501 148 501 103 535 103 535 334 540 334 0 4 0 3
 16711680 5 793 169 793 169 794 169 794 256 800 256 800 256 0 5 0 3
 255 5 514 295 514 295 514 295 514 243 514 243 514 243 0 3 0 3
 16711680 5 592 399 592 399 605 399 605 399 605 256 605 256 0 3 0 3
 65280 5 553 334 553 334 553 266 828 266 828 176 828 176 0 3 0 5
1
 7008 1 14 508 347 5 0 0 4976 3
