Version 0.9.7
5
 4 86 302 77 128 0 1
 5 80 400 206 81 2 2
 0 281 226 877 276 8 3
 1 411 103 206 81 140 4
 3 713 134 203 58 156 5
 0
17
 16711680 5 147 415 147 415 218 415 218 253 334 253 334 253 0 1 0 3
 255 5 147 316 147 316 147 240 147 240 334 240 334 240 0 1 0 3
 255 5 347 240 347 240 347 114 347 114 426 114 426 114 0 3 0 4
 16711680 5 426 172 426 172 360 172 360 172 360 253 360 253 0 4 0 3
 16711680 5 373 253 373 253 373 253 373 474 373 474 373 474 0 3 0 3
 16711680 5 529 435 529 435 529 435 529 474 529 474 529 474 0 3 0 3
 16711680 5 659 435 659 435 659 435 659 474 659 474 659 474 0 3 0 3
 255 5 451 240 451 240 451 240 451 292 451 292 451 292 0 3 0 3
 255 5 581 240 581 240 581 240 581 292 581 292 581 292 0 3 0 3
 8388863 5 486 114 486 114 478 114 478 258 464 258 464 292 0 4 0 3
 65535 5 467 114 467 114 467 92 607 92 607 292 607 292 0 4 0 3
 16711808 5 505 114 498 114 498 268 477 268 477 292 477 292 0 4 0 3
 16776960 5 524 114 524 114 524 114 516 114 516 292 516 292 0 4 0 3
 65280 5 529 331 529 331 529 331 594 331 594 331 594 331 0 3 0 3
 65280 5 503 331 503 331 503 331 490 331 490 331 490 331 0 3 0 3
 65280 5 759 178 759 178 759 262 620 262 620 331 620 331 0 5 0 3
 16711680 5 724 171 724 171 719 171 719 253 724 253 724 253 0 5 0 3
2
 7032 1 14 445 344 5 0 0 13240 3
 7008 1 14 575 344 5 0 0 13240 3
