Version 0.9.7
6
 4 52 329 77 128 0 1
 5 80 400 206 81 2 2
 0 221 146 877 276 8 3
 3 919 440 203 58 140 4
 1 369 440 206 81 149 5
 0 222 538 877 276 195 6
 0
22
 16711680 5 384 509 384 509 326 509 326 509 326 407 326 407 0 5 0 3
 16711680 5 703 316 703 316 703 316 703 407 703 407 703 407 0 3 0 3
 16711680 5 872 407 872 407 872 478 930 478 930 477 930 477 0 3 0 4
 255 5 287 160 287 160 287 451 287 451 384 451 384 451 0 3 0 5
 32768 5 625 316 625 316 625 316 638 316 638 316 638 316 0 3 0 3
 32768 5 651 316 651 316 651 268 690 268 690 251 690 251 0 3 0 3
 8388863 5 638 251 638 251 638 251 651 251 651 251 651 251 0 3 0 3
 8388863 5 677 251 677 251 677 251 664 251 664 251 664 251 0 3 0 3
 255 5 625 160 625 160 611 160 611 251 625 251 625 251 0 3 0 3
 16776960 5 703 251 703 251 953 251 953 484 965 484 965 484 0 3 0 4
 16776960 5 404 212 404 212 404 212 404 160 404 160 404 160 0 3 0 3
 8388608 5 113 403 113 403 274 403 274 403 274 407 274 407 0 1 0 3
 255 5 113 343 113 343 153 343 153 160 274 160 274 160 0 1 0 3
 255 5 113 356 113 356 171 356 171 552 275 552 275 552 0 1 0 6
 32768 5 625 329 625 329 425 329 425 329 425 451 425 451 0 3 0 5
 8388863 5 638 238 638 238 638 188 444 188 444 451 444 451 0 3 0 5
 8388863 5 444 477 444 477 639 477 639 477 639 708 639 708 0 5 0 6
 32768 5 425 477 425 477 398 477 398 708 626 708 626 708 0 5 0 6
 16776960 5 652 708 652 708 652 726 985 726 985 484 985 484 0 6 0 4
 255 5 626 552 626 552 626 552 626 643 626 643 626 643 0 6 0 6
 8388608 5 300 407 300 407 300 799 300 799 301 799 301 799 0 3 0 6
 8388608 5 704 799 704 799 704 799 704 708 704 708 704 708 0 6 0 6
2
 7000 1 14 619 264 5 0 0 10360 3
 7032 1 14 620 656 5 0 0 10360 6
