Version 0.9.7
5
 4 10 175 77 128 0 1
 5 80 400 206 81 2 2
 0 110 110 877 276 8 3
 3 576 39 203 58 140 4
 1 245 23 206 81 159 6
 0
14
 16711680 5 514 280 514 280 514 280 527 280 527 280 527 280 0 3 0 3
 16711680 5 540 215 540 215 540 215 527 215 527 215 527 215 0 3 0 3
 16711680 5 553 215 553 215 553 215 566 215 566 215 566 215 0 3 0 3
 16711680 5 540 280 540 280 540 237 579 237 579 215 579 215 0 3 0 3
 16711680 5 592 215 592 215 623 215 623 83 622 83 622 83 0 3 0 4
 16711680 5 71 288 71 288 71 371 71 371 163 371 163 371 0 1 0 3
 16711680 5 592 280 592 280 592 280 592 371 592 371 592 371 0 3 0 3
 16711680 5 260 92 260 92 197 92 197 371 176 371 176 371 0 6 0 3
 16711680 5 605 371 605 371 605 76 605 76 587 76 587 76 0 3 0 4
 255 5 71 189 71 189 71 124 71 124 163 124 163 124 0 1 0 3
 255 5 176 124 176 124 176 34 176 34 260 34 260 34 0 3 0 6
 8388863 5 301 60 301 60 288 60 288 293 514 293 514 293 0 6 0 3
 65280 5 320 60 320 60 320 52 527 52 527 202 527 202 0 6 0 3
 255 5 514 124 514 124 514 124 514 215 514 215 514 215 0 3 0 3
2
 7000 1 14 508 228 5 0 0 12504 3
 7000 1 14 20 50 5 0 0 12504 0
