Version 0.9.7
5
 4 111 257 77 128 0 1
 5 80 400 206 81 2 2
 0 264 198 877 276 8 3
 1 382 92 206 81 140 4
 3 791 123 203 58 156 5
 0
21
 255 5 172 271 172 271 169 271 169 212 317 212 317 212 0 1 0 3
 255 5 330 212 330 212 330 102 397 102 397 103 397 103 0 3 0 4
 255 5 343 212 343 212 343 212 343 264 343 264 343 264 0 3 0 3
 16711680 5 172 370 172 370 172 460 317 460 317 459 317 459 0 1 0 3
 255 5 486 212 486 212 486 212 486 264 486 264 486 264 0 3 0 3
 255 5 655 212 655 212 655 212 655 264 655 264 655 264 0 3 0 3
 16711680 5 564 407 564 407 564 407 564 459 564 459 564 459 0 3 0 3
 16711680 5 421 407 421 407 421 407 421 459 421 459 421 459 0 3 0 3
 16711680 5 172 331 172 331 200 331 200 225 317 225 317 225 0 1 0 3
 16711680 5 802 160 802 160 804 160 804 225 811 225 811 225 0 5 0 3
 16711680 5 733 407 733 407 733 407 733 459 733 459 733 459 0 3 0 3
 16711680 5 397 161 397 161 397 225 397 225 395 225 395 225 0 4 0 3
 65535 5 499 264 499 264 499 129 499 129 457 129 457 129 0 3 0 4
 65535 5 499 277 499 277 499 277 382 277 382 277 382 277 0 3 0 3
 8388672 5 438 129 438 129 438 80 538 80 538 264 538 264 0 4 0 3
 8388672 5 538 290 538 290 538 290 356 290 356 290 356 290 0 3 0 3
 16512 5 395 264 395 264 395 236 551 236 551 264 551 264 0 3 0 3
 16711808 5 369 303 369 303 369 303 512 303 512 303 512 303 0 3 0 3
 65280 5 525 303 525 303 525 369 655 369 655 368 655 368 0 3 0 3
 65280 5 564 303 564 303 564 381 668 381 668 368 668 368 0 3 0 3
 65280 5 681 368 681 368 837 368 837 368 837 167 837 167 0 3 0 5
3
 7004 1 14 337 316 5 0 0 6404 3
 7032 1 14 649 316 5 0 0 6404 3
 7008 1 14 480 316 5 0 0 0 3
